6 8
6 18 0 0 6 30 0 0
0 0 -1 -3 11 10 5 -7
6 18 0 1 3 28 -3 2
4 12 -1 -3 15 30 5 -7
0 0 1 3 -11 -10 -5 7
0 0 -2 -2 10 12 -2 -5

RowScalarMultiple 1 1/6
1 3 0 0 1 5 0 0
0 0 -1 -3 11 10 5 -7
6 18 0 1 3 28 -3 2
4 12 -1 -3 15 30 5 -7
0 0 1 3 -11 -10 -5 7
0 0 -2 -2 10 12 -2 -5

RowAddition 1 3 -6
1 3 0 0 1 5 0 0
0 0 -1 -3 11 10 5 -7
0 0 0 1 -3 -2 -3 2
4 12 -1 -3 15 30 5 -7
0 0 1 3 -11 -10 -5 7
0 0 -2 -2 10 12 -2 -5

RowAddition 1 4 -4
1 3 0 0 1 5 0 0
0 0 -1 -3 11 10 5 -7
0 0 0 1 -3 -2 -3 2
0 0 -1 -3 11 10 5 -7
0 0 1 3 -11 -10 -5 7
0 0 -2 -2 10 12 -2 -5

RowScalarMultiple 2 -1
1 3 0 0 1 5 0 0
0 0 1 3 -11 -10 -5 7
0 0 0 1 -3 -2 -3 2
0 0 -1 -3 11 10 5 -7
0 0 1 3 -11 -10 -5 7
0 0 -2 -2 10 12 -2 -5

RowAddition 2 4 1
1 3 0 0 1 5 0 0
0 0 1 3 -11 -10 -5 7
0 0 0 1 -3 -2 -3 2
0 0 0 0 0 0 0 0
0 0 1 3 -11 -10 -5 7
0 0 -2 -2 10 12 -2 -5

RowAddition 2 5 -1
1 3 0 0 1 5 0 0
0 0 1 3 -11 -10 -5 7
0 0 0 1 -3 -2 -3 2
0 0 0 0 0 0 0 0
0 0 0 0 0 0 0 0
0 0 -2 -2 10 12 -2 -5

RowAddition 2 6 2
1 3 0 0 1 5 0 0
0 0 1 3 -11 -10 -5 7
0 0 0 1 -3 -2 -3 2
0 0 0 0 0 0 0 0
0 0 0 0 0 0 0 0
0 0 0 4 -12 -8 -12 9

RowAddition 3 6 -4
1 3 0 0 1 5 0 0
0 0 1 3 -11 -10 -5 7
0 0 0 1 -3 -2 -3 2
0 0 0 0 0 0 0 0
0 0 0 0 0 0 0 0
0 0 0 0 0 0 0 1

RowExchange 3 5
1 3 0 0 1 5 0 0
0 0 1 3 -11 -10 -5 7
0 0 0 1 -3 -2 -3 2
0 0 0 0 0 0 0 1
0 0 0 0 0 0 0 0
0 0 0 0 0 0 0 0

RowAddition 3 2 -3
1 3 0 0 1 5 0 0
0 0 1 0 -2 -4 4 1
0 0 0 1 -3 -2 -3 2
0 0 0 0 0 0 0 1
0 0 0 0 0 0 0 0
0 0 0 0 0 0 0 0

RowAddition 4 2 -1
1 3 0 0 1 5 0 0
0 0 1 0 -2 -4 4 0
0 0 0 1 -3 -2 -3 2
0 0 0 0 0 0 0 1
0 0 0 0 0 0 0 0
0 0 0 0 0 0 0 0

RowAddition 4 3 -2
1 3 0 0 1 5 0 0
0 0 1 0 -2 -4 4 0
0 0 0 1 -3 -2 -3 0
0 0 0 0 0 0 0 1
0 0 0 0 0 0 0 0
0 0 0 0 0 0 0 0
